352
13
73
340
54
64
359
241
339
168
38
369
67
176
121
338
304
149
161
308
207
221
242
123
49
169
154
33
334
204
91
270
87
309
11
179
90
331
216
336
219
214
373
371
158
12
85
26
337
105
275
77
41
316
102
148
212
101
215
318
238
93
247
27
209
367
198
61
288
81
342
255
236
335
343
122
106
34
300
29
171
245
116
17
96
264
89
205
356
6
289
15
124
323
279
127
28
36
2
120
75
141
253
175
224
276
174
193
349
151
182
188
144
267
80
365
70
203
306
217
23
199
3
164
142
184
294
350
71
183
162
348
329
320
42
108
147
94
16
312
25
246
332
20
5
272
213
321
51
103
138
43
364
140
0
292
78
326
56
130
328
201
358
250
167
266
190
178
8
111
68
299
366
361
83
202
186
218
283
172
301
129
63
109
100
370
86
298
281
237
235
97
269
131
115
325
302
166
99
139
220
344
354
37
30
69
66
39
48
128
159
31
113
112
47
252
192
262
62
317
1
134
46
136
146
88
177
265
223
189
84
290
181
74
284
118
157
258
45
92
208
228
346
229
152
107
145
58
282
211
156
222
132
351
291
196
52
206
98
137
251
363
372
327
314
104
362
180
9
315
341
271
110
185
226
40
65
248
170
18
355
50
194
239
4
233
155
307
286
357
160
360
173
135
324
72
273
310
231
117
368
19
82
274
24
260
330
