V
404
330
172
22
286
274
80
235
78
176
404
39
89
221
29
267
297
254
9
244
251
7
190
397
235
90
149
399
47
377
215
178
401
273
221
406
338
330
302
274
107
301
362
103
363
232
48
33
329
34
193
289
69
186
388
281
353
258
202
8
102
224
11
378
321
109
214
294
266
351
138
94
81
205
3
45
78
82
265
220
349
83
308
71
148
366
150
26
313
378
97
76
89
400
117
347
335
116
389
186
346
329
367
401
104
277
23
216
196
191
381
135
358
123
258
404
304
177
5
116
55
103
178
196
140
29
262
274
47
117
230
347
373
142
179
149
87
408
224
38
122
60
109
247
96
316
337
392
188
359
190
167
343
114
271
126
269
310
336
313
208
330
50
82
184
99
169
147
135
226
9
392
205
211
357
62
347
240
65
49
167
311
30
300
329
39
170
74
113
148
259
339
330
22
349
406
40
214
226
328
233
335
8
202
261
212
214
329
54
139
282
408
260
352
222
387
308
400
393
280
136
382
271
395
363
197
340
298
131
109
409
158
348
33
230
99
195
162
98
268
47
179
273
305
363
165
221
410
344
11
45
309
2
260
61
27
264
380
208
166
108
72
407
263
232
25
338
192
173
70
161
194
87
411
269
252
247
50
175
289
317
358
326
12
28
227
76
67
291
204
98
137
280
120
236
380
117
271
82
106
127
184
393
172
346
173
299
377
25
260
32
213
264
161
64
259
407
77
242
385
72
126
200
29
266
58
338
22
40
347
51
341
188
210
320
68
15
382
12
129
250
7
201
229
316
409
223
14
2
375
267
286
257
374
133
366
370
212
316
186
350
87
342
192
317
46
69
228
288
145
143
59
204
253
272
355
289
88
367
45
211
1
166
213
407
376
232
84
405
109
203
250
37
243
50
280
117
262
401
255
349
212
33
50
386
182
106
76
241
217
72
388
245
379
268
260
403
179
36
151
220
321
169
342
