116
147
101
163
12
42
349
177
227
82
60
144
337
333
83
252
117
51
79
343
175
65
347
321
307
287
8
234
126
245
265
11
258
80
143
162
352
243
242
300
314
119
21
207
211
326
369
331
371
346
142
45
202
261
184
316
71
115
138
24
161
49
279
239
34
64
317
263
292
318
189
155
216
348
262
167
118
5
120
121
31
158
100
320
281
36
276
323
20
55
370
183
315
244
306
68
187
325
9
3
208
327
205
131
92
335
336
139
213
77
105
19
26
44
246
89
70
74
257
344
63
206
174
111
33
362
271
4
251
319
373
52
232
290
230
40
66
310
286
254
203
273
351
30
173
295
6
209
108
28
124
84
182
218
248
29
298
277
133
275
180
171
57
112
259
134
17
170
160
176
62
233
128
