O
213
269
254
381
400
349
298
155
389
228
397
1
292
352
114
108
387
136
299
169
343
385
53
260
15
243
127
44
91
347
166
399
367
154
215
381
72
278
357
7
199
18
398
252
321
184
200
247
381
299
245
138
268
124
32
78
223
270
127
69
50
389
396
165
17
302
323
332
315
172
329
314
185
114
24
245
38
86
103
377
206
92
72
200
7
3
105
109
298
386
400
64
279
10
11
345
358
169
121
284
308
251
275
165
293
355
87
334
89
354
144
399
323
205
99
330
240
385
113
292
143
393
95
252
192
47
290
150
108
303
192
389
82
31
342
226
259
50
300
362
385
330
