38
201
398
163
27
39
400
2
101
250
90
284
65
131
128
333
346
265
363
335
95
195
198
306
110
188
182
254
11
69
295
8
68
330
105
235
57
324
67
52
217
102
228
258
74
18
290
10
29
384
331
354
282
336
49
320
395
113
315
144
123
359
92
380
281
366
173
192
292
197
191
109
94
392
30
165
272
312
71
311
314
276
20
194
138
47
106
296
350
12
13
376
399
343
278
216
151
211
66
22
126
111
162
390
45
181
204
239
125
202
268
208
193
155
309
263
177
252
87
186
112
100
364
79
262
7
16
214
261
288
327
23
157
259
154
339
264
337
256
89
253
338
115
116
108
371
107
389
129
230
307
361
99
199
25
21
54
270
212
149
80
246
81
6
266
78
280
225
304
203
326
328
17
321
142
369
26
159
277
291
289
223
127
227
73
332
303
293
377
146
97
84
358
322
242
42
209
238
219
329
349
143
372
31
396
104
218
64
356
