210
222
316
258
95
70
278
53
163
42
269
12
117
271
6
264
68
338
297
341
202
182
142
47
9
249
15
85
254
165
348
391
300
304
208
169
345
383
160
141
97
233
359
288
253
384
298
80
371
143
310
57
153
19
67
386
236
306
34
375
167
146
248
164
220
189
116
55
232
46
24
216
195
103
99
327
37
128
176
378
75
56
361
234
156
54
373
245
407
314
45
201
284
49
362
112
159
380
374
65
108
51
212
102
62
382
124
207
261
22
247
76
213
25
239
342
41
225
323
230
118
231
256
273
58
291
276
36
350
395
48
352
155
150
340
13
332
59
90
393
333
365
403
394
337
171
131
183
388
401
321
221
196
408
320
179
69
194
360
325
305
357
30
40
157
205
44
263
187
177
94
251
198
178
241
173
61
74
109
91
410
405
130
283
158
211
192
347
66
389
188
290
125
122
79
43
272
174
358
242
32
134
8
149
38
31
50
315
303
33
73
184
397
39
107
336
270
98
132
224
313
162
148
200
18
145
28
138
372
322
243
193
72
364
81
121
154
106
135
381
246
92
279
175
206
268
255
286
71
312
152
120
136
172
21
110
240
228
5
267
280
129
274
14
319
111
52
199
277
83
335
296
262
227
292
217
385
289
285
229
10
368
346
140
104
257
400
328
354
215
387
3
266
343
219
293
237
294
218
27
265
326
101
355
114
351
209
119
226
123
203
282
402
235
377
4
190
404
392
151
77
147
168
105
2
390
260
370
186
191
161
20
330
275
324
317
29
309
137
331
126
35
214
82
89
17
329
353
1
88
287
93
307
334
