28
357
178
74
271
144
73
124
300
48
311
363
6
129
294
89
350
152
337
141
308
186
226
93
293
213
196
295
245
326
148
267
193
265
183
237
268
166
41
349
15
153
220
37
319
168
224
75
181
330
228
286
83
189
355
369
10
313
101
4
102
251
371
54
117
250
345
126
219
164
315
285
64
354
72
325
20
146
201
329
270
287
275
2
98
210
269
118
87
66
71
43
180
5
130
69
247
262
140
112
137
353
182
90
35
61
197
3
240
158
39
62
16
225
13
352
116
138
60
343
157
34
12
243
365
253
194
299
283
161
147
22
68
149
367
305
331
50
303
263
53
292
203
317
255
342
24
133
7
207
211
36
205
276
80
284
