240
316
64
372
181
246
299
319
137
175
57
165
63
327
139
156
79
45
223
394
338
36
339
225
205
252
233
166
70
365
343
237
62
318
193
404
161
147
56
195
35
296
89
151
152
194
367
141
406
67
59
19
408
371
264
353
345
138
129
224
358
127
41
122
389
47
334
266
85
346
150
117
375
201
125
75
337
190
33
402
10
167
186
390
351
172
136
171
123
124
169
128
396
9
257
48
265
282
229
90
244
54
360
227
108
30
373
388
263
104
329
2
308
39
228
114
306
202
330
222
42
313
271
359
204
399
321
178
13
256
303
185
290
40
307
301
320
333
277
342
270
279
103
249
26
235
86
241
77
43
162
281
4
385
61
88
83
377
73
234
269
287
118
38
208
27
357
143
8
215
24
49
102
1
58
272
182
163
12
398
34
395
76
366
203
50
94
