0
24
32
100
3
367
273
56
157
14
392
298
73
216
250
315
324
369
306
263
119
84
160
96
404
188
226
342
331
27
60
135
378
380
319
262
150
186
132
52
146
326
252
58
185
215
391
10
275
154
330
257
9
264
327
408
161
234
258
218
307
291
152
322
228
372
182
402
79
92
184
204
179
126
110
289
240
267
137
192
106
382
80
54
129
90
123
69
159
318
34
294
344
20
19
107
334
235
50
201
111
357
231
6
348
366
343
314
358
223
233
295
284
2
173
108
86
338
280
396
271
336
310
305
94
122
11
350
145
83
44
133
190
4
390
313
335
200
346
237
221
211
49
165
136
209
72
384
177
189
406
153
7
283
255
397
101
89
148
368
156
102
28
361
241
293
270
296
208
35
151
328
46
59
168
345
388
131
292
170
287
22
68
349
13
249
339
125
219
261
410
143
195
290
213
97
362
265
180
16
67
407
409
400
12
39
272
268
387
18
244
78
279
74
199
381
403
149
53
232
379
71
383
286
42
166
57
288
203
347
332
399
300
118
329
360
43
40
176
139
91
120
65
105
317
130
393
325
140
115
227
373
33
266
25
191
238
386
363
104
364
21
95
353
212
222
375
385
174
205
311
77
312
316
187
371
64
197
230
8
251
63
242
365
5
321
17
256
85
167
285
309
141
340
164
175
301
333
181
38
236
113
162
269
247
128
61
124
394
260
210
15
26
134
323
81
281
206
142
127
23
117
37
147
93
299
229
41
82
341
109
114
36
320
395
202
214
354
398
171
196
389
172
259
30
198
155
45
76
112
374
308
116
1
225
356
169
193
62
75
405
254
246
88
98
351
194
163
274
278
302
245
178
277
