o
74
388
33
134
387
244
274
120
147
190
257
338
184
52
15
335
202
280
195
62
61
80
316
12
73
349
150
141
215
347
145
159
206
288
153
24
388
107
352
349
93
386
363
18
256
264
236
227
251
309
214
159
307
55
59
142
114
232
220
202
193
62
119
290
258
366
350
376
357
51
251
276
390
82
242
111
379
274
368
293
212
400
313
136
3
304
327
281
64
99
40
343
69
87
168
211
183
222
370
314
306
192
356
0
228
240
274
367
133
379
93
76
107
230
231
348
168
105
209
326
78
182
309
66
5
277
229
308
206
47
110
275
225
118
211
77
218
195
92
145
30
166
123
153
184
297
141
189
75
312
290
223
306
143
173
8
197
119
270
191
264
243
206
342
388
307
236
316
367
204
85
391
264
303
396
102
6
129
222
