307
405
404
132
382
191
53
372
159
282
122
39
67
44
286
396
388
213
23
127
290
389
312
251
358
42
359
41
40
59
367
298
183
258
318
342
13
96
196
124
249
277
209
60
177
232
22
163
323
237
197
344
137
220
383
379
328
120
49
330
94
56
235
304
135
256
186
24
208
332
121
83
70
273
200
240
111
89
69
375
133
243
30
113
107
401
174
75
212
300
349
369
360
148
400
368
394
408
48
184
329
66
147
252
145
225
366
392
2
345
105
303
71
221
334
61
116
33
1
100
336
110
112
79
257
31
291
134
402
253
156
260
176
88
387
141
21
338
236
246
361
153
140
230
5
109
103
310
106
247
275
181
32
207
125
192
233
51
27
166
301
229
99
331
199
210
231
248
373
165
280
179
57
167
34
130
397
164
259
101
244
315
403
189
203
128
215
98
276
255
25
309
317
219
62
77
284
364
149
365
80
47
319
351
117
190
139
91
223
180
341
86
14
173
313
279
370
325
376
357
84
374
6
269
278
250
90
407
55
50
211
343
406
154
214
136
87
170
129
271
227
15
353
72
295
314
104
19
161
326
217
263
362
327
168
38
4
28
11
146
29
63
381
285
399
377
216
138
93
380
316
261
320
241
169
299
119
333
26
187
337
68
65
308
302
398
287
281
143
195
85
386
206
305
350
18
160
108
205
175
178
222
35
283
78
12
188
198
395
142
151
363
115
131
340
292
297
339
37
238
3
356
152
267
118
234
20
228
201
218
354
45
185
239
262
324
321
54
171
393
9
346
172
0
162
144
114
193
371
347
182
46
385
16
268
97
245
158
7
322
74
204
150
265
10
270
378
355
36
352
384
264
194
102
272
8
254
288
155
294
82
52
274
289
157
391
293
64
226
123
266
311
92
58
81
73
306
