171
308
232
330
162
121
229
275
143
279
81
287
346
259
75
338
341
224
289
91
102
325
285
227
203
344
51
266
248
373
159
148
359
21
273
160
137
113
35
187
173
179
158
92
250
328
200
314
59
240
79
44
155
127
286
197
112
168
213
355
242
333
331
256
347
9
337
310
48
42
163
74
175
63
136
4
270
25
90
319
177
88
43
294
195
271
292
251
149
260
156
124
167
368
190
199
69
276
309
95
282
107
323
249
284
202
371
312
139
16
303
316
342
64
272
221
29
161
114
354
19
129
357
196
11
47
307
82
235
244
185
231
119
166
3
57
73
49
116
367
345
298
103
327
152
50
315
247
326
362
278
128
335
135
20
293
83
305
70
120
299
258
216
170
141
80
22
364
261
53
206
277
140
38
117
110
97
36
