O
213
269
254
381
400
349
298
155
389
228
397
1
292
352
114
108
387
136
299
169
343
385
53
260
15
243
127
44
91
347
166
399
367
154
215
381
72
278
357
7
199
18
398
252
321
184
200
247
381
299
245
138
268
124
32
78
223
270
127
69
50
389
396
165
17
302
323
332
315
172
329
314
185
114
24
245
38
86
103
377
206
92
72
200
7
3
105
109
298
386
400
64
279
10
11
345
358
169
121
284
308
251
275
165
293
355
87
334
89
354
144
399
323
205
99
330
240
385
113
292
143
393
95
252
192
47
290
150
108
303
192
389
82
31
342
226
259
50
300
362
385
330
23
360
234
57
350
199
395
210
366
109
51
212
179
128
254
155
365
355
277
311
251
153
117
220
14
331
208
0
389
279
102
82
289
55
387
182
248
376
239
338
18
169
196
394
286
245
78
17
379
168
108
347
9
261
325
14
251
155
345
179
236
135
114
125
97
158
117
397
116
6
47
244
362
349
367
194
21
165
75
166
209
357
372
221
329
177
282
308
54
321
369
173
11
46
176
94
91
23
261
50
25
363
318
399
197
106
141
161
223
332
294
75
382
220
264
147
99
4
32
351
200
71
274
225
304
354
46
244
234
247
273
299
18
241
285
212
402
380
139
18
54
63
77
150
181
95
299
168
146
33
231
334
44
356
0
43
207
233
311
109
242
409
293
258
143
48
201
111
225
389
172
207
383
228
6
72
220
120
122
214
67
345
181
352
368
106
5
11
320
59
150
367
391
227
192
297
157
266
104
351
