o
74
388
33
134
387
244
274
120
147
190
257
338
184
52
15
335
202
280
195
62
61
80
316
12
73
349
150
141
215
347
145
159
206
288
153
24
388
107
352
349
93
386
363
18
256
264
236
227
251
309
214
159
307
55
59
142
114
232
220
202
193
62
119
290
258
366
350
376
357
51
251
276
390
82
242
111
379
274
368
293
212
400
313
136
3
304
327
281
64
99
40
343
69
87
168
211
183
222
370
314
306
192
356
0
228
240
274
367
133
379
93
76
107
230
231
348
168
105
209
326
78
182
309
66
5
277
229
308
206
47
110
275
225
118
211
77
218
195
92
145
30
166
123
153
184
297
141
189
75
312
290
223
306
143
173
8
197
119
270
191
264
243
206
342
388
307
236
316
367
204
85
391
264
303
396
102
6
129
222
76
357
184
304
290
317
259
192
99
11
393
95
124
35
179
211
359
204
126
360
268
27
239
350
155
164
369
20
109
142
73
298
44
141
347
278
204
385
307
383
167
93
162
28
65
249
325
80
378
126
56
288
73
86
196
382
201
142
174
260
258
235
365
97
193
202
312
388
316
52
394
32
310
354
301
189
135
152
0
406
80
379
158
19
278
201
191
233
374
370
173
74
213
153
272
206
131
250
235
72
352
43
107
261
282
150
33
169
44
329
282
316
362
277
16
187
51
73
273
328
237
286
83
130
224
332
168
317
322
402
394
127
139
96
289
392
73
264
333
140
116
44
205
11
161
219
232
87
307
119
105
365
265
177
183
88
40
321
62
112
65
41
70
196
208
222
360
175
242
202
39
37
116
349
215
41
35
74
267
72
358
395
196
45
136
217
376
93
364
4
164
175
210
82
206
169
336
97
373
275
184
69
