344
274
144
117
198
31
400
339
290
350
201
333
152
355
269
30
237
362
76
357
104
248
308
352
134
292
59
163
166
61
118
36
366
33
11
329
208
72
312
66
367
193
28
171
209
187
0
265
97
174
108
154
25
54
19
403
374
112
347
189
299
149
90
305
41
26
328
135
192
158
106
232
349
51
321
164
63
202
316
114
169
346
210
111
105
314
58
368
258
272
132
335
12
285
288
16
259
369
3
219
27
370
365
378
222
211
205
325
227
84
74
253
242
404
303
161
286
125
9
34
60
304
252
173
24
4
281
53
55
397
8
389
402
121
7
68
116
257
100
233
293
162
331
10
1
88
5
23
197
136
131
215
295
165
181
203
196
263
270
376
159
