353
279
264
188
247
240
2
343
39
359
160
96
92
392
344
62
367
90
42
57
387
169
329
237
164
137
155
250
177
315
225
355
291
294
170
376
198
391
45
300
95
175
407
149
222
25
398
117
248
13
110
44
10
158
403
243
1
297
345
369
390
146
211
73
215
378
208
244
375
233
111
405
213
94
205
263
336
48
386
180
270
380
119
106
360
288
41
0
161
299
28
144
173
12
187
400
320
246
379
216
82
346
162
203
295
358
197
132
139
65
171
145
60
328
30
301
27
156
199
223
18
372
114
159
238
227
293
16
85
99
97
202
357
371
134
142
381
89
241
136
179
168
221
370
228
59
151
113
108
292
147
107
81
116
123
318
323
307
33
311
109
36
77
306
29
266
339
365
273
148
352
351
186
340
259
