16
41
84
98
244
279
336
298
209
147
341
123
144
240
231
294
203
295
5
325
388
282
291
6
256
285
204
347
249
402
313
14
288
8
140
173
153
1
401
63
277
11
263
154
59
242
327
115
353
373
334
171
94
118
385
32
254
155
340
351
303
178
68
223
96
321
290
318
264
409
105
305
378
3
312
220
38
265
232
272
25
138
193
252
34
134
36
129
374
287
13
208
375
377
299
148
83
367
228
241
293
284
311
248
69
365
127
47
198
130
211
180
236
167
315
12
274
19
352
27
33
2
206
407
190
270
379
67
218
71
400
281
61
348
24
328
57
395
117
97
324
372
307
95
73
