189
384
369
128
48
175
145
310
348
316
383
54
264
31
400
171
196
17
24
82
61
190
256
100
113
169
15
278
0
230
34
377
74
333
160
186
246
143
389
9
241
208
398
364
76
188
72
58
301
283
193
338
166
137
123
153
317
39
129
203
367
165
393
84
28
21
242
235
120
218
106
40
233
30
187
325
354
51
182
327
50
272
370
347
225
136
219
141
206
308
118
75
337
69
332
135
378
2
195
184
263
267
396
266
391
268
191
177
371
330
366
90
271
259
168
132
368
221
81
335
95
397
227
334
159
85
78
353
385
355
255
299
360
27
116
388
237
315
5
336
202
262
32
111
14
275
110
251
394
53
269
328
1
6
77
250
172
131
216
326
19
258
376
392
382
288
313
234
52
138
211
314
236
359
201
205
363
261
102
244
104
133
306
91
62
285
286
13
372
20
42
277
7
379
361
390
180
157
65
66
279
33
36
199
162
346
373
73
357
350
232
93
68
339
407
294
99
89
252
86
139
126
41
151
274
155
112
349
3
213
270
29
289
292
324
302
402
156
381
149
318
194
297
351
87
98
114
154
305
257
374
303
4
298
362
387
273
158
197
409
245
107
220
340
167
179
319
25
217
260
307
247
148
243
80
223
405
92
345
183
178
253
140
101
321
276
204
212
358
18
97
404
43
344
170
375
124
109
408
79
96
403
147
395
127
239
224
343
67
